Block 0
Number of nodes:499
Number of Blocks:1
Block 1
0 150570365 40.4551507 23.0399484
0 150570366 40.4553009 23.0398025
0 150570368 40.4553858 23.0398884
0 150570369 40.4555426 23.0398369
0 150570370 40.4558560 23.0399742
0 150570371 40.4561957 23.0401201
0 150570372 40.4565418 23.0402660
0 150570373 40.4567573 23.0404892
0 150570374 40.4570447 23.0407467
0 150570375 40.4573712 23.0411758
0 150570376 40.4576520 23.0414934
0 150570377 40.4579132 23.0417938
0 150570378 40.4581549 23.0421800
0 150570379 40.4582724 23.0423946
0 150570381 40.4583573 23.0427551
0 150570382 40.4585533 23.0428409
0 150570383 40.4586773 23.0429525
0 150570384 40.4590365 23.0430555
0 150570385 40.4593565 23.0432357
0 150570386 40.4596635 23.0434675
0 150570387 40.4598267 23.0436048
0 150570388 40.4600226 23.0436649
0 150570389 40.4601859 23.0438366
0 150570390 40.4606430 23.0440340
0 150570391 40.4609369 23.0441370
0 150570392 40.4612308 23.0443945
0 150570393 40.4615769 23.0447550
0 150570394 40.4617336 23.0450811
0 150570395 40.4619295 23.0454416
0 150570396 40.4621907 23.0456133
0 150570397 40.4624715 23.0458450
0 150570398 40.4626283 23.0459137
0 150570399 40.4627589 23.0461712
0 150570400 40.4627980 23.0465145
0 150570401 40.4628242 23.0467291
0 150570402 40.4629091 23.0468750
0 150570403 40.4630593 23.0470123
0 150570404 40.4632356 23.0470466
0 150570405 40.4634968 23.0477333
0 150570406 40.4635947 23.0479736
0 150570407 40.4635425 23.0480594
0 150570408 40.4636927 23.0483169
0 150570409 40.4637776 23.0485058
0 150570410 40.4638690 23.0483341
0 150570411 40.4639996 23.0482998
0 150570412 40.4641498 23.0483598
0 150570413 40.4642477 23.0485315
0 150570414 40.4643914 23.0485744
0 150570415 40.4645220 23.0485573
0 150570416 40.4646265 23.0483856
0 150570417 40.4647701 23.0482740
0 150570418 40.4648681 23.0482311
0 150570420 40.4649530 23.0480766
0 150570421 40.4651489 23.0480766
0 150570422 40.4653252 23.0481023
0 150570423 40.4656517 23.0482912
0 150570424 40.4657627 23.0482912
0 150571991 40.4657627 23.0481624
0 150571992 40.4658476 23.0479650
0 150571993 40.4656778 23.0478792
0 150571994 40.4655472 23.0477590
0 150571995 40.4655342 23.0475015
0 150571996 40.4657627 23.0473642
0 150571997 40.4661545 23.0472784
0 150571999 40.4662198 23.0471582
0 150572000 40.4660892 23.0470037
0 150572001 40.4660043 23.0469179
0 150572002 40.4660435 23.0466776
0 150572003 40.4659260 23.0467462
0 150572004 40.4656648 23.0468750
0 150572005 40.4655211 23.0469007
0 150572006 40.4656517 23.0466776
0 150572007 40.4657431 23.0465059
0 150572008 40.4659260 23.0464201
0 150572009 40.4661088 23.0464201
0 150572010 40.4663177 23.0463857
0 150572011 40.4665463 23.0463171
0 150572012 40.4667748 23.0464201
0 150572013 40.4671013 23.0464887
0 150572014 40.4673756 23.0464887
0 150572015 40.4675715 23.0465316
0 150572016 40.4677412 23.0465917
0 150572017 40.4677870 23.0467891
0 150572018 40.4676237 23.0467291
0 150572019 40.4676760 23.0469866
0 150572020 40.4678327 23.0470724
0 150572021 40.4678980 23.0471754
0 150572022 40.4679828 23.0471582
0 150572023 40.4680481 23.0469351
0 150572024 40.4681592 23.0467891
0 150572025 40.4683942 23.0466432
0 150572026 40.4686358 23.0465574
0 150572027 40.4687011 23.0464887
0 150572028 40.4688513 23.0465746
0 150572029 40.4690602 23.0463600
0 150572030 40.4691908 23.0462312
0 150572031 40.4693410 23.0460596
0 150572032 40.4693737 23.0459308
0 150572033 40.4691974 23.0460167
0 150572034 40.4690798 23.0460167
0 150572035 40.4689362 23.0459737
0 150572036 40.4688056 23.0458193
0 150572037 40.4686881 23.0457592
0 150572038 40.4684922 23.0457592
0 150572040 40.4682963 23.0457163
0 150572041 40.4681004 23.0456304
0 150572042 40.4679371 23.0455274
0 150572043 40.4678065 23.0453901
0 150572044 40.4676955 23.0451841
0 150572045 40.4676433 23.0450983
0 150572046 40.4678261 23.0449266
0 150572047 40.4679371 23.0448150
0 150572048 40.4680481 23.0447292
0 150572049 40.4681787 23.0446863
0 150572050 40.4683093 23.0448751
0 150572051 40.4683746 23.0450296
0 150572052 40.4684399 23.0452013
0 150572053 40.4685901 23.0453300
0 150572054 40.4687403 23.0453558
0 150572055 40.4689492 23.0453558
0 150572056 40.4691321 23.0454416
0 150572057 40.4692627 23.0453901
0 150572058 40.4693933 23.0453043
0 150572059 40.4695696 23.0453729
0 150572060 40.4697001 23.0453729
0 150572061 40.4697328 23.0450725
0 150572062 40.4696675 23.0448408
0 150572063 40.4696349 23.0445833
0 150572064 40.4696544 23.0444288
0 150572065 40.4696806 23.0441713
0 150572066 40.4698307 23.0442142
0 150572068 40.4699287 23.0443430
0 150572069 40.4700593 23.0444717
0 150572070 40.4702029 23.0446434
0 150572071 40.4701115 23.0447550
0 150572072 40.4700723 23.0449266
0 150572073 40.4700266 23.0451326
0 150572074 40.4700266 23.0453729
0 150572075 40.4701768 23.0454588
0 150572076 40.4703335 23.0453901
0 150572077 40.4705033 23.0455274
0 150572078 40.4707253 23.0456991
0 150572079 40.4706469 23.0458708
0 150572080 40.4705163 23.0460167
0 150572081 40.4704641 23.0461626
0 150572082 40.4704641 23.0463600
0 150572083 40.4704380 23.0464716
0 150572084 40.4703205 23.0465059
0 150572085 40.4702225 23.0465316
0 150572086 40.4702225 23.0466175
0 150572087 40.4702225 23.0467291
0 150572088 40.4703074 23.0468750
0 150572089 40.4705490 23.0472612
0 150572090 40.4706469 23.0474157
0 150572091 40.4708102 23.0475359
0 150572092 40.4707906 23.0477590
0 150572093 40.4709865 23.0477075
0 150572094 40.4711562 23.0477075
0 150572096 40.4713129 23.0477590
0 150572097 40.4714174 23.0478620
0 150572098 40.4711366 23.0479908
0 150572099 40.4709212 23.0480337
0 150572100 40.4708298 23.0480766
0 150572101 40.4708102 23.0482225
0 150572102 40.4707318 23.0488147
0 150572103 40.4706665 23.0489349
0 150572104 40.4705882 23.0491752
0 150572105 40.4705033 23.0494156
0 150572106 40.4704576 23.0496216
0 150572107 40.4703531 23.0499649
0 150572108 40.4703074 23.0502224
0 150572109 40.4703270 23.0504799
0 150572110 40.4703270 23.0506344
0 150572111 40.4701311 23.0511064
0 150572112 40.4700005 23.0511665
0 150572113 40.4697654 23.0512523
0 150572114 40.4695565 23.0513210
0 150572115 40.4693280 23.0514755
0 150572116 40.4691517 23.0516643
0 150572117 40.4690668 23.0519046
0 150572118 40.4689362 23.0521793
0 150572119 40.4688709 23.0523510
0 150572120 40.4687860 23.0526943
0 150572121 40.4686750 23.0530204
0 150572122 40.4685248 23.0532951
0 150572123 40.4683681 23.0536384
0 150572124 40.4681787 23.0539388
0 150572125 40.4678392 23.0541620
0 150572126 40.4673821 23.0545053
0 150572127 40.4672515 23.0545912
0 150572128 40.4670687 23.0547971
0 150572129 40.4665985 23.0540504
0 150572130 40.4665006 23.0538530
0 150572131 40.4664353 23.0538187
0 150572132 40.4663243 23.0539045
0 150572133 40.4662590 23.0540933
0 150572134 40.4662067 23.0543079
0 150572135 40.4661545 23.0544367
0 150572136 40.4660631 23.0545912
0 150572137 40.4659455 23.0546083
0 150572138 40.4658476 23.0546770
0 150572139 40.4658149 23.0547800
0 150572141 40.4658019 23.0549345
0 150572142 40.4656843 23.0551233
0 150572143 40.4656321 23.0553121
0 150572144 40.4656060 23.0554838
0 150572145 40.4654884 23.0556812
0 150572146 40.4654101 23.0557928
0 150572147 40.4653448 23.0559644
0 150572148 40.4653448 23.0561533
0 150572149 40.4650966 23.0562219
0 150572150 40.4649334 23.0561704
0 150572151 40.4646918 23.0560503
0 150572152 40.4645089 23.0559129
0 150572153 40.4643457 23.0557670
0 150572154 40.4642477 23.0556812
0 150572155 40.4640649 23.0556555
0 150572156 40.4638886 23.0557241
0 150572157 40.4635947 23.0557842
0 150572158 40.4634315 23.0557842
0 150572159 40.4633009 23.0557842
0 150572160 40.4629548 23.0558099
0 150572161 40.4627589 23.0558700
0 150572162 40.4624715 23.0560159
0 150572163 40.4621907 23.0561533
0 150572164 40.4618642 23.0563850
0 150572165 40.4616030 23.0563850
0 150572166 40.4613744 23.0563850
0 150572167 40.4611785 23.0562734
0 150572168 40.4610479 23.0561275
0 150572169 40.4608194 23.0558443
0 150572170 40.4606234 23.0556726
0 150572171 40.4606038 23.0553293
0 150572172 40.4607083 23.0549688
0 150572173 40.4608194 23.0545826
0 150572174 40.4609826 23.0542392
0 150572175 40.4611459 23.0540933
0 150572177 40.4612112 23.0542993
0 150572178 40.4612112 23.0546255
0 150572179 40.4612569 23.0548830
0 150572180 40.4614267 23.0549516
0 150572181 40.4616226 23.0549516
0 150572182 40.4616030 23.0552435
0 150572183 40.4616357 23.0553293
0 150572184 40.4617793 23.0552692
0 150572185 40.4618969 23.0551576
0 150572186 40.4621254 23.0550976
0 150572187 40.4623017 23.0551233
0 150572188 40.4624846 23.0552263
0 150572189 40.4626283 23.0552692
0 150572190 40.4627980 23.0552091
0 150572191 40.4629548 23.0550976
0 150572192 40.4631246 23.0549516
0 150572193 40.4632552 23.0548401
0 150572194 40.4634641 23.0548143
0 150572195 40.4634772 23.0550718
0 150572196 40.4635817 23.0552091
0 150572197 40.4637384 23.0551405
0 150572198 40.4639082 23.0550117
0 150572199 40.4641171 23.0548401
0 150572200 40.4643914 23.0548143
0 150572201 40.4643457 23.0550976
0 150572202 40.4641955 23.0552435
0 150572203 40.4640518 23.0554151
0 150572204 40.4643000 23.0553550
0 150572205 40.4644306 23.0552950
0 150572206 40.4646265 23.0552950
0 150572207 40.4647179 23.0552692
0 150572208 40.4647701 23.0551405
0 150572209 40.4647701 23.0549860
0 150572210 40.4647832 23.0548401
0 150572211 40.4648485 23.0547113
0 150572212 40.4649660 23.0547542
0 150572213 40.4650444 23.0546941
0 150572215 40.4650444 23.0544967
0 150572216 40.4650313 23.0543680
0 150572217 40.4650966 23.0542993
0 150572218 40.4650966 23.0541534
0 150572219 40.4650640 23.0539217
0 150572220 40.4650444 23.0536985
0 150572221 40.4649791 23.0536384
0 150572222 40.4648681 23.0537500
0 150572223 40.4647048 23.0537843
0 150572224 40.4645742 23.0538101
0 150572225 40.4645220 23.0536127
0 150572226 40.4646526 23.0534925
0 150572227 40.4647571 23.0533552
0 150572228 40.4649138 23.0532694
0 150572229 40.4649334 23.0531492
0 150572230 40.4649007 23.0529775
0 150572231 40.4648485 23.0528660
0 150572232 40.4647179 23.0527801
0 150572233 40.4645612 23.0527372
0 150572234 40.4644959 23.0524969
0 150572235 40.4645612 23.0523252
0 150572236 40.4646265 23.0521192
0 150572237 40.4645873 23.0518961
0 150572238 40.4645416 23.0517244
0 150572239 40.4645612 23.0514669
0 150572240 40.4646069 23.0511923
0 150572241 40.4647179 23.0507459
0 150572242 40.4646395 23.0505228
0 150572243 40.4645220 23.0504799
0 150572244 40.4644306 23.0505056
0 150572245 40.4643457 23.0507974
0 150572246 40.4642151 23.0508833
0 150572247 40.4640322 23.0508661
0 150572248 40.4639539 23.0511064
0 150572249 40.4638494 23.0514497
0 150572250 40.4637384 23.0511923
0 150572251 40.4636274 23.0512953
0 150572252 40.4635882 23.0514497
0 150572253 40.4636535 23.0515527
0 150572254 40.4635751 23.0518961
0 150572255 40.4634119 23.0520506
0 150572256 40.4632486 23.0522823
0 150572257 40.4630658 23.0524540
0 150572259 40.4629221 23.0523081
0 150572260 40.4627393 23.0524969
0 150572261 40.4626283 23.0527115
0 150572262 40.4624128 23.0529089
0 150572263 40.4622364 23.0528574
0 150572264 40.4621515 23.0529432
0 150572265 40.4622560 23.0532007
0 150572266 40.4622038 23.0534839
0 150572267 40.4620079 23.0536298
0 150572268 40.4618642 23.0535440
0 150572269 40.4616814 23.0532865
0 150572270 40.4615638 23.0532007
0 150572271 40.4614528 23.0532865
0 150572272 40.4612765 23.0533380
0 150572273 40.4610936 23.0534839
0 150572274 40.4610283 23.0537157
0 150572275 40.4609304 23.0535698
0 150572276 40.4607802 23.0534410
0 150572277 40.4605843 23.0534839
0 150572278 40.4605190 23.0534839
0 150572279 40.4605385 23.0532264
0 150572280 40.4606692 23.0532264
0 150572281 40.4608194 23.0532264
0 150572282 40.4609500 23.0531664
0 150572283 40.4610283 23.0530805
0 150572284 40.4611720 23.0529690
0 150572285 40.4612373 23.0528574
0 150572286 40.4612765 23.0527544
0 150572287 40.4613222 23.0525655
0 150572288 40.4613418 23.0524797
0 150572289 40.4612765 23.0524282
0 150572290 40.4611459 23.0524797
0 150572291 40.4610936 23.0523939
0 150572292 40.4610936 23.0521707
0 150572293 40.4608847 23.0520677
0 150572294 40.4607802 23.0520849
0 150572295 40.4607345 23.0519819
0 150572296 40.4608324 23.0518274
0 150572297 40.4607540 23.0517673
0 150572298 40.4608455 23.0515527
0 150572299 40.4607802 23.0513811
0 150572300 40.4606887 23.0512781
0 150572301 40.4604928 23.0510378
0 150572302 40.4603426 23.0509348
0 150572303 40.4601663 23.0507116
0 150572304 40.4600814 23.0506515
0 150572305 40.4598855 23.0505914
0 150572306 40.4595786 23.0505399
0 150572307 40.4592324 23.0503683
0 150572308 40.4590365 23.0502653
0 150572309 40.4589059 23.0502653
0 150572310 40.4587296 23.0503511
0 150572311 40.4587557 23.0505657
0 150572312 40.4582528 23.0507803
0 150572313 40.4580373 23.0509090
0 150572314 40.4577500 23.0510807
0 150572315 40.4574692 23.0512266
0 150572316 40.4574888 23.0515699
0 150572317 40.4573385 23.0517244
0 150572318 40.4571622 23.0517931
0 150572319 40.4569924 23.0517931
0 150572320 40.4570773 23.0515098
0 150572321 40.4569467 23.0514841
0 150572323 40.4567704 23.0513811
0 150572324 40.4566528 23.0512523
0 150572325 40.4567508 23.0511236
0 150572326 40.4569140 23.0507374
0 150572327 40.4571100 23.0504198
0 150572328 40.4573581 23.0501623
0 150572329 40.4572275 23.0501365
0 150572330 40.4571426 23.0499649
0 150572331 40.4569924 23.0498790
0 150572332 40.4568357 23.0499048
0 150572333 40.4567834 23.0497503
0 150572334 40.4573843 23.0496473
0 150572335 40.4574365 23.0497932
0 150572336 40.4573581 23.0499649
0 150572337 40.4576651 23.0497331
0 150572338 40.4577761 23.0496216
0 150572339 40.4578153 23.0494928
0 150572340 40.4581418 23.0493040
0 150572341 40.4582333 23.0492181
0 150572342 40.4581549 23.0490207
0 150572343 40.4579720 23.0487632
0 150572344 40.4577957 23.0488920
0 150572345 40.4576977 23.0489092
0 150572346 40.4576651 23.0487632
0 150572347 40.4576847 23.0486345
0 150572348 40.4575998 23.0484628
0 150572349 40.4574692 23.0483598
0 150572350 40.4573385 23.0482053
0 150572351 40.4571426 23.0480509
0 150572352 40.4569467 23.0480509
0 150572353 40.4567181 23.0481367
0 150572354 40.4564242 23.0482483
0 150572355 40.4562283 23.0483341
0 150572356 40.4561303 23.0483598
0 150572357 40.4560324 23.0481882
0 150572358 40.4559475 23.0479479
0 150572359 40.4558560 23.0475273
0 150572360 40.4557254 23.0471840
0 150572361 40.4555752 23.0470295
0 150572362 40.4553989 23.0469608
0 150572363 40.4552291 23.0469007
0 150572364 40.4550527 23.0467548
0 150572365 40.4549025 23.0465831
0 150572366 40.4547066 23.0464115
0 150572367 40.4544976 23.0463428
0 150572368 40.4542690 23.0463257
0 150572369 40.4540535 23.0462742
0 150572371 40.4538967 23.0461540
0 150572372 40.4537792 23.0460167
0 150572373 40.4537661 23.0456133
0 150572374 40.4538576 23.0453300
0 150572375 40.4539425 23.0450983
0 150572376 40.4540274 23.0450124
0 150572377 40.4541710 23.0451240
0 150572378 40.4544454 23.0448837
0 150572379 40.4544649 23.0447807
0 150572380 40.4543670 23.0446434
0 150572381 40.4545760 23.0445575
0 150572382 40.4548568 23.0445833
0 150572383 40.4550527 23.0446691
0 150572384 40.4551638 23.0444717
0 150572385 40.4552813 23.0441971
0 150572386 40.4553597 23.0443859
0 150572387 40.4555426 23.0444975
0 150572388 40.4557058 23.0443515
0 150572389 40.4557058 23.0441112
0 150572390 40.4557058 23.0439825
0 150572391 40.4556601 23.0438966
0 150572393 40.4557907 23.0437851
0 150572394 40.4559344 23.0437250
0 150572395 40.4558691 23.0434675
0 150572396 40.4559475 23.0432958
0 150572397 40.4562479 23.0433216
0 150572398 40.4563589 23.0437851
0 150572399 40.4565091 23.0441541
0 150572400 40.4565744 23.0442829
0 150572401 40.4567508 23.0443258
0 150572402 40.4569140 23.0443258
0 150572403 40.4570773 23.0442400
0 150572404 40.4571622 23.0440254
0 150572405 40.4573712 23.0438366
0 150572406 40.4575149 23.0436649
0 150572407 40.4572732 23.0430813
0 150572408 40.4571426 23.0431242
0 150572409 40.4570316 23.0430641
0 150572410 40.4569010 23.0430641
0 150572411 40.4568814 23.0429525
0 150572412 40.4570316 23.0428409
0 150572413 40.4571100 23.0426693
0 150572414 40.4570773 23.0424633
0 150572415 40.4569467 23.0424633
0 150572416 40.4568030 23.0423088
0 150572417 40.4566593 23.0421200
0 150572418 40.4564895 23.0420942
0 150572419 40.4562152 23.0417509
0 150572420 40.4560520 23.0414505
0 150572421 40.4560846 23.0412788
0 150572422 40.4559540 23.0410385
0 150572423 40.4559018 23.0408067
0 150572424 40.4559018 23.0406952
0 150572425 40.4557254 23.0406093
0 150572426 40.4554968 23.0402918
0 150572427 40.4552356 23.0400600
0 7380260965 40.4740457 23.0502892
0 7380260974 40.4742334 23.0504287
0 7380260979 40.4722380 23.0498172
0 7380270185 40.4729684 23.0497045
0 7380270186 40.4734254 23.0495060
0 7380270190 40.4730419 23.0496831
0 7380270191 40.4735438 23.0495919
0 7380270197 40.4727562 23.0496562
0 7380270201 40.4732133 23.0495490
0 7380270202 40.4726338 23.0496562
0 7380270209 40.4704834 23.0507934
0 7380270211 40.4729072 23.0497045
0 7380270219 40.4733520 23.0494953
0 7380270235 40.4718749 23.0500585
0 7380270237 40.4732949 23.0495060
0 7380270248 40.4724951 23.0496884